Camera matrix : 

[[384.26859772   0.         301.41435327]
 [  0.         509.31505162 257.95030905]
 [  0.           0.           1.        ]]
dist : 

[[-0.32563166  0.09280297 -0.00362387  0.00133567  0.00141919]]
rvecs : 

[array([[-0.62120712],
       [ 0.35553898],
       [ 2.34879081]]), array([[-0.23357661],
       [ 0.05161399],
       [ 1.64433799]]), array([[-0.89417122],
       [-0.08841478],
       [-0.06353904]]), array([[-0.00478955],
       [ 1.56493097],
       [ 2.66721785]]), array([[-0.17617121],
       [ 1.07296474],
       [ 2.93312434]]), array([[-0.61913936],
       [ 0.60473773],
       [ 1.57853231]]), array([[-0.66715776],
       [ 0.6919664 ],
       [ 1.05729921]]), array([[-0.19201225],
       [ 0.07261708],
       [ 1.56463152]]), array([[-0.23642022],
       [ 0.46054982],
       [ 1.60524146]]), array([[-0.61805129],
       [ 0.83327025],
       [ 2.1467553 ]]), array([[-0.18124795],
       [ 0.85263057],
       [ 2.94041279]]), array([[-0.45813038],
       [ 0.41853748],
       [ 1.54559012]]), array([[-0.52237135],
       [ 0.58903007],
       [ 0.99753519]]), array([[-0.54589826],
       [ 0.67631104],
       [ 2.20383314]]), array([[-0.75740107],
       [-0.16284708],
       [-0.0359383 ]]), array([[-0.5957565 ],
       [ 0.97144514],
       [ 2.13821261]]), array([[-0.26800968],
       [ 0.39106026],
       [ 1.25502882]]), array([[-0.6557508 ],
       [ 0.64653415],
       [ 1.5359045 ]]), array([[-0.82391344],
       [-0.19323308],
       [-0.04831532]]), array([[-0.45725019],
       [ 0.25939214],
       [ 2.96414025]])]
tvecs : 

[array([[ 2.57886901],
       [-0.0645451 ],
       [10.0656682 ]]), array([[ 1.95311831],
       [-2.19167445],
       [ 7.59575332]]), array([[-2.27123299],
       [-3.40692817],
       [ 8.2603973 ]]), array([[2.48710721],
       [0.66723381],
       [4.13193333]]), array([[1.96520341],
       [0.96928052],
       [5.52519467]]), array([[ 3.67634043],
       [-1.40875903],
       [ 8.5370981 ]]), array([[ 4.54719614],
       [-2.85894973],
       [ 9.86926144]]), array([[ 2.99776373],
       [-1.97897632],
       [ 7.72551991]]), array([[ 3.84075237],
       [-2.29365405],
       [ 7.17907506]]), array([[ 2.74674232],
       [-1.13926806],
       [ 7.63401857]]), array([[1.85128381],
       [1.54471864],
       [6.80348167]]), array([[ 3.27001037],
       [-2.13561668],
       [ 7.88854998]]), array([[ 3.89938791],
       [-3.73140629],
       [10.09235403]]), array([[ 2.87746752],
       [-1.12926406],
       [ 8.40165575]]), array([[-2.33604075],
       [-3.44695855],
       [ 8.50350956]]), array([[ 3.09095527],
       [-1.09916671],
       [ 7.03055396]]), array([[ 3.60771976],
       [-3.52552948],
       [ 8.24443705]]), array([[ 3.5301857 ],
       [-1.84257972],
       [ 8.00066411]]), array([[-2.34772816],
       [-3.41886176],
       [ 8.24185996]]), array([[1.33308519],
       [2.03834086],
       [9.09987693]])]